trainingScore= 0.999187569818
validScore= 0.983024691358
testScore= 0.986438975389
124 156 196 253 254 392 421 433 434 562 640 681 748 804 937 983 992 1058 1191 1227 1327 1629 1691 1712 1714 1918 1958 