trainingScore= 0.990149284046
validScore= 0.979938271605
testScore= 0.98041185334
124 149 156 182 196 248 253 254 287 303 359 392 400 421 433 434 437 562 612 640 705 713 748 767 804 809 937 983 1058 1191 1227 1327 1712 1713 1838 1918 1958 1971 1976 