trainingScore= 1.0
validScore= 0.983024691358
testScore= 0.986438975389
124 149 156 182 196 248 253 254 359 392 421 433 434 681 699 748 804 875 983 992 1058 1206 1227 1629 1712 1918 1958 