trainingScore= 1.0
validScore= 0.986625514403
testScore= 0.987945755902
156 196 248 253 254 359 392 421 434 699 748 804 861 937 983 992 1058 1191 1206 1311 1712 1918 1956 1958 