trainingScore= 1.0
validScore= 0.989711934156
testScore= 0.988448016072
97 149 156 248 254 343 359 392 421 434 748 804 861 937 983 992 1058 1206 1311 1712 1714 1918 1958 