trainingScore= 1.0
validScore= 0.985596707819
testScore= 0.989452536414
156 196 248 253 254 343 359 392 421 434 748 751 804 861 937 983 992 1058 1712 1918 1958 