trainingScore= 0.962932872956
validScore= 0.959362139918
testScore= 0.958814665997
37 124 134 149 156 162 182 239 248 253 254 258 260 281 285 329 359 386 392 400 418 421 433 434 437 456 487 520 560 562 569 579 612 640 663 680 682 685 690 699 718 736 748 767 773 779 804 809 815 827 835 865 886 935 937 947 967 972 983 992 997 1020 1054 1058 1143 1197 1204 1206 1220 1227 1327 1339 1530 1531 1712 1713 1846 1918 1948 1956 1958 1970 