trainingScore= 0.971057174774
validScore= 0.966563786008
testScore= 0.963335007534
37 134 149 156 239 248 253 254 258 260 281 329 359 386 392 418 421 433 434 437 456 487 498 520 562 569 579 612 640 682 685 690 699 713 748 755 767 779 804 809 815 827 835 935 937 947 962 972 983 984 992 997 1020 1054 1058 1147 1197 1204 1206 1227 1327 1530 1531 1627 1712 1713 1846 1918 1945 1948 1956 1958 1970 