trainingScore= 0.979587691683
validScore= 0.969650205761
testScore= 0.9673530889
125 134 149 156 239 248 253 254 281 287 329 343 392 418 421 433 434 437 456 487 498 520 527 562 569 579 612 626 640 682 690 699 713 748 755 767 779 804 809 815 827 835 935 937 962 972 983 984 992 997 1020 1058 1147 1197 1204 1227 1327 1378 1530 1712 1713 1846 1918 1948 1958 