trainingScore= 0.974713110592
validScore= 0.970164609053
testScore= 0.9673530889
134 149 156 248 253 254 281 329 359 386 392 418 421 433 434 437 456 487 498 520 562 569 579 612 626 640 682 699 713 748 755 767 779 804 809 815 827 835 935 937 947 962 972 983 992 997 1020 1054 1058 1147 1197 1204 1206 1227 1327 1530 1531 1712 1846 1918 1945 1948 1956 1958 1970 