trainingScore= 0.967807454047
validScore= 0.962448559671
testScore= 0.960321446509
37 124 125 134 149 156 182 239 248 253 254 258 260 281 329 359 386 392 400 418 421 433 434 437 456 487 498 520 562 569 579 612 640 682 685 690 699 713 748 755 767 773 779 804 809 815 827 835 935 937 947 972 983 984 992 997 1020 1054 1058 1143 1147 1197 1204 1206 1227 1251 1327 1339 1530 1531 1627 1712 1713 1846 1918 1948 1956 1958 1970 