trainingScore= 0.951558850411
validScore= 0.952674897119
testScore= 0.949271722752
37 124 125 134 147 149 156 182 202 248 258 260 281 300 303 329 359 386 392 399 400 402 418 421 423 433 434 456 473 487 498 520 562 569 579 584 612 625 640 663 680 685 687 690 699 705 718 748 755 767 773 804 809 815 827 835 865 886 935 937 947 962 967 972 982 983 984 992 997 1020 1023 1054 1058 1147 1191 1197 1206 1215 1220 1226 1227 1325 1327 1368 1450 1504 1530 1531 1627 1712 1713 1714 1846 1847 1918 1944 1946 1948 1956 1958 1970 