trainingScore= 1.0
validScore= 0.991255144033
testScore= 0.989452536414
149 156 253 254 392 421 434 498 779 804 937 983 1058 1197 1206 1378 1504 1712 1714 1958 1976 