trainingScore= 1.0
validScore= 0.989711934156
testScore= 0.989954796585
156 253 254 392 421 434 498 804 861 937 983 992 1058 1197 1206 1712 1714 1918 1956 1958 