trainingScore= 1.0
validScore= 0.987139917695
testScore= 0.988950276243
149 156 253 254 392 421 434 699 804 896 904 935 937 983 1058 1191 1206 1712 1714 1956 1958 1970 