trainingScore= 1.0
validScore= 0.991255144033
testScore= 0.987945755902
156 253 254 359 392 421 434 498 779 804 904 937 983 1058 1197 1206 1327 1378 1712 1714 1918 1956 1958 1976 