trainingScore= 1.0
validScore= 0.989197530864
testScore= 0.989954796585
149 156 253 254 392 421 434 498 804 937 983 1058 1197 1378 1504 1712 1714 1918 1956 1958 