trainingScore= 1.0
validScore= 0.990740740741
testScore= 0.988950276243
156 253 254 359 392 421 434 498 779 804 937 983 1058 1197 1206 1378 1712 1714 1918 1956 1958 1976 