trainingScore= 0.964659287093
validScore= 0.949588477366
testScore= 0.948267202411
2 60 112 113 124 125 126 149 151 156 157 239 248 253 254 260 281 287 292 330 359 380 386 392 395 400 418 421 433 437 456 487 498 522 538 562 568 569 583 612 625 676 680 682 685 690 713 736 750 773 779 804 827 835 844 860 871 923 934 935 937 962 967 972 974 976 983 985 987 992 996 997 1000 1020 1054 1058 1129 1143 1203 1204 1311 1325 1339 1432 1450 1473 1482 1504 1506 1531 1627 1642 1666 1691 1712 1730 1799 1846 1918 1945 1947 1956 1958 