trainingScore= 1.0
validScore= 0.970164609053
testScore= 0.971371170266
124 125 126 149 151 156 162 182 248 253 254 287 292 303 359 383 392 418 421 433 437 498 520 562 573 614 682 699 748 751 755 767 779 804 827 835 861 877 935 976 983 1020 1058 1197 1311 1339 1482 1504 1691 1698 1712 1918 1945 1947 1948 1956 1958 