trainingScore= 0.979181476592
validScore= 0.955761316872
testScore= 0.956805625314
112 113 124 125 126 149 151 156 167 239 248 253 254 260 281 287 292 359 383 386 392 395 418 421 429 433 437 487 498 527 562 568 569 583 593 612 627 676 682 685 713 748 751 779 804 827 835 844 860 871 923 934 935 937 962 972 974 983 985 992 996 997 1020 1058 1129 1143 1325 1339 1432 1450 1482 1504 1506 1531 1642 1666 1691 1712 1730 1799 1846 1918 1945 1947 1956 1958 