trainingScore= 0.949933990048
validScore= 0.944958847737
testScore= 0.938724259166
2 60 105 113 124 125 134 149 151 156 157 182 187 225 239 248 253 254 260 281 292 306 330 359 386 392 395 400 418 421 433 437 456 487 493 496 498 522 538 562 568 569 583 593 599 612 625 640 676 680 681 682 685 690 699 713 736 751 773 779 804 809 827 835 844 865 871 886 934 935 937 962 967 972 974 976 983 985 987 992 997 1000 1020 1054 1058 1129 1134 1136 1143 1203 1204 1213 1218 1220 1325 1339 1371 1432 1435 1442 1450 1482 1495 1504 1506 1531 1627 1642 1666 1670 1712 1799 1846 1909 1918 1945 1947 1948 1956 1958 1965 1970 