trainingScore= 1.0
validScore= 0.968106995885
testScore= 0.968357609242
112 124 125 126 149 151 156 162 182 248 253 254 260 281 287 292 303 359 383 392 418 421 433 437 498 520 562 573 614 682 699 748 751 767 779 804 827 835 861 877 935 937 983 997 1020 1058 1197 1311 1337 1339 1432 1482 1504 1531 1712 1846 1918 1945 1947 1948 1956 1958 1971 