trainingScore= 0.994617650046
validScore= 0.961419753086
testScore= 0.970868910095
112 113 124 125 126 149 156 167 248 253 254 281 287 292 359 383 392 418 421 433 437 452 498 562 573 583 593 682 713 748 751 779 804 827 835 844 861 877 935 937 943 962 983 997 1058 1197 1339 1504 1531 1712 1730 1846 1918 1945 1947 1948 1956 1958 