trainingScore= 0.926068853458
validScore= 0.930041152263
testScore= 0.91511803114
2 37 52 60 81 83 105 113 124 125 134 149 151 156 157 162 182 187 196 225 229 238 239 248 254 256 257 260 281 285 303 306 329 330 359 386 392 395 399 400 408 418 421 433 434 437 487 493 496 505 562 568 569 583 593 599 612 625 640 663 676 680 681 682 685 690 699 705 718 736 751 767 773 804 809 815 827 835 844 865 871 886 912 924 934 935 937 947 953 962 967 970 972 974 976 982 983 985 987 992 997 1000 1020 1023 1024 1054 1058 1077 1128 1129 1134 1136 1143 1197 1203 1204 1206 1213 1215 1218 1220 1223 1227 1325 1339 1344 1367 1368 1371 1394 1432 1435 1442 1450 1474 1482 1495 1504 1531 1619 1623 1627 1668 1670 1671 1712 1714 1794 1799 1846 1847 1909 1918 1938 1941 1943 1945 1946 1947 1948 1950 1956 1958 1964 1965 1970 1971 1976 1979 