trainingScore= 0.989336853864
validScore= 0.980967078189
testScore= 0.981416373682
102 124 156 248 253 254 359 386 392 400 421 433 434 437 612 685 699 713 728 736 767 804 809 815 827 935 937 983 985 1058 1197 1712 1714 1846 1918 1948 1958 