trainingScore= 1.0
validScore= 0.984053497942
testScore= 0.985434455048
149 156 248 253 254 359 392 421 434 437 498 520 681 713 736 804 827 937 983 992 1067 1197 1378 1712 1714 1846 1918 1935 1958 