trainingScore= 1.0
validScore= 0.981481481481
testScore= 0.983927674535
149 156 248 253 254 359 392 421 433 434 437 498 520 612 699 713 736 773 804 809 827 835 904 983 1058 1067 1197 1712 1714 1846 1918 1958 