trainingScore= 0.97390068041
validScore= 0.973251028807
testScore= 0.971371170266
102 124 149 156 182 239 248 253 254 258 285 303 329 359 386 392 400 421 433 434 437 487 612 685 699 705 713 728 736 767 773 804 809 815 827 886 924 935 937 947 972 983 985 1020 1058 1197 1227 1504 1712 1714 1846 1918 1943 1948 1956 1958 1976 