trainingScore= 1.0
validScore= 0.987139917695
testScore= 0.98694123556
149 156 248 253 254 359 392 421 434 437 498 562 681 748 804 827 937 983 992 1197 1206 1619 1712 1714 1918 1958 