trainingScore= 1.0
validScore= 0.986625514403
testScore= 0.98694123556
124 149 156 248 253 254 359 392 421 434 437 498 748 804 827 937 983 992 1197 1619 1712 1714 1846 1918 1956 1958 