trainingScore= 1.0
validScore= 0.990226337449
testScore= 0.991461577097
97 156 248 253 254 392 421 434 728 804 937 983 992 1712 1714 1918 1958 