trainingScore= 1.0
validScore= 0.987139917695
testScore= 0.986438975389
124 149 156 181 248 253 254 392 421 434 437 497 748 751 804 889 921 937 983 992 1058 1197 1327 1712 1714 1918 1958 