trainingScore= 0.989844622728
validScore= 0.981995884774
testScore= 0.977398292315
97 149 156 182 196 248 253 254 329 392 400 421 434 437 487 497 663 699 705 713 728 767 773 804 809 815 827 889 937 983 985 1020 1058 1197 1204 1215 1227 1691 1712 1714 1846 1918 1943 1956 1958 