trainingScore= 1.0
validScore= 0.990226337449
testScore= 0.989954796585
97 149 156 248 253 254 260 392 421 434 728 779 861 937 983 1197 1712 1714 1918 1958 