trainingScore= 1.0
validScore= 0.987654320988
testScore= 0.988448016072
149 156 248 253 254 392 421 434 487 497 562 748 804 889 937 983 1058 1197 1204 1712 1714 1918 1958 