trainingScore= 1.0
validScore= 0.985082304527
testScore= 0.984932194877
97 149 156 181 182 248 254 392 421 434 437 497 663 713 751 804 861 889 937 983 1058 1197 1327 1504 1712 1714 1918 1943 1956 1958 